5171	0	0	0	2	2	3	58	-	3	5173	0	5173	QPX_v015_contig_2194	18391	5907	11136	4	2144,102,1987,938,	0,2144,2247,4235,	5907,8074,8197,10198,	salt.tolerance	m992
2870	0	0	0	2	5	0	0	-	6	3003	128	3003	QPX_v015_contig_7908	4079	1209	4079	3	2750,97,23,	0,2753,2852,	1209,3959,4056,	salt.tolerance	m992
2711	3	0	0	0	0	4	150	+	21	2832	0	2714	QPX_v015_contig_3595	6882	4018	6882	5	71,827,61,1403,352,	0,71,898,959,2362,	4018,4096,4977,5098,6530,	salt.tolerance	m992
3640	0	0	0	2	3	1	3	+	58	3643	0	3643	QPX_v015_contig_1633	9540	80	3723	3	868,1455,1317,	0,870,2326,	80,948,2406,	salt.tolerance	m992
2214	0	0	0	0	0	1	2	-	76	2214	0	2214	QPX_v015_contig_2928	7580	3973	6189	2	2012,202,	0,2012,	3973,5987,	salt.tolerance	m992
1541	0	0	0	0	0	3	171	+	90	1541	0	1541	QPX_v015_contig_2724	8548	70	1782	4	73,46,171,1251,	0,73,119,290,	70,204,302,531,	salt.tolerance	m992
1643	0	0	0	0	0	1	9	+	101	1775	132	1775	QPX_v015_contig_4354	18672	0	1652	2	1555,88,	132,1687,	0,1564,	salt.tolerance	m992
2132	30	0	1	0	0	1	14	+	124	2488	325	2488	QPX_v015_contig_2780	3996	0	2177	2	2079,84,	325,2404,	0,2093,	salt.tolerance	m992
1678	0	0	0	1	1	1	4	+	131	1679	0	1679	QPX_v015_contig_4888	4257	1936	3618	2	1624,54,	0,1625,	1936,3564,	salt.tolerance	m992
1501	0	0	0	0	0	0	0	+	138	1594	0	1501	QPX_v015_contig_8573	4783	3282	4783	1	1501,	0,	3282,	salt.tolerance	m992
3716	0	0	0	0	0	1	3	+	150	3910	194	3910	QPX_v015_contig_1922	7547	0	3719	2	3516,200,	194,3710,	0,3519,	salt.tolerance	m992
2510	0	0	0	1	4	1	9	+	166	2514	0	2514	QPX_v015_contig_5220	7336	659	3178	3	695,1683,132,	0,699,2382,	659,1354,3046,	salt.tolerance	m992
1903	0	0	0	1	47	1	48	+	196	1950	0	1950	QPX_v015_contig_4832	6159	3974	5925	2	1008,895,	0,1055,	3974,5030,	salt.tolerance	m992
2733	0	0	0	0	0	1	50	-	272	2733	0	2733	QPX_v015_contig_3896	7126	967	3750	2	277,2456,	0,277,	967,1294,	salt.tolerance	m992
1521	0	0	0	0	0	0	0	+	308	1521	0	1521	QPX_v015_contig_439	12833	1082	2603	1	1521,	0,	1082,	salt.tolerance	m992
3595	0	0	0	0	0	0	0	-	339	3595	0	3595	QPX_v015_contig_1966	7252	2002	5597	1	3595,	0,	2002,	salt.tolerance	m992
3160	0	0	0	2	2	1	14	+	344	3162	0	3162	QPX_v015_contig_154	16576	200	3374	3	195,1435,1530,	0,196,1632,	200,395,1844,	salt.tolerance	m992
2097	0	0	0	0	0	1	61	-	365	2097	0	2097	QPX_v015_contig_3775	7699	1465	3623	2	477,1620,	0,477,	1465,2003,	salt.tolerance	m992
1579	0	0	0	0	0	1	357	-	474	1579	0	1579	QPX_v015_contig_6040	6857	139	2075	2	1474,105,	0,1474,	139,1970,	salt.tolerance	m992
2591	0	0	0	1	1	1	12	+	492	2592	0	2592	QPX_v015_contig_2887	6719	3260	5863	2	1397,1194,	0,1398,	3260,4669,	salt.tolerance	m992
3776	0	0	1	1	1	1	15	+	494	3778	0	3778	QPX_v015_contig_2874	5520	881	4673	2	2898,879,	0,2899,	881,3794,	salt.tolerance	m992
2444	0	0	0	0	0	0	0	-	548	3051	607	3051	QPX_v015_contig_3931	2471	27	2471	1	2444,	0,	27,	salt.tolerance	m992
2382	0	0	0	0	0	0	0	+	551	2382	0	2382	QPX_v015_contig_467	4550	1885	4267	1	2382,	0,	1885,	salt.tolerance	m992
3959	0	0	1	1	1	1	5	-	560	3985	0	3961	QPX_v015_contig_675	6389	81	4046	2	3862,98,	24,3887,	81,3948,	salt.tolerance	m992
1900	0	0	0	1	1	1	58	+	573	1909	0	1901	QPX_v015_contig_11950	2844	857	2815	3	1302,589,9,	0,1302,1892,	857,2217,2806,	salt.tolerance	m992
4217	0	0	0	2	2	2	144	-	575	4219	0	4219	QPX_v015_contig_367	10060	2151	6512	4	295,929,1357,1636,	0,296,1226,2583,	2151,2527,3456,4876,	salt.tolerance	m992
3257	0	0	0	1	2	0	0	-	580	3259	0	3259	QPX_v015_contig_228	5482	261	3518	2	2550,707,	0,2552,	261,2811,	salt.tolerance	m992
3973	0	0	1	0	0	0	0	+	602	3974	0	3974	QPX_v015_contig_3407	6003	1491	5465	1	3974,	0,	1491,	salt.tolerance	m992
1992	3	0	0	1	1	2	55	-	656	2125	0	1996	QPX_v015_contig_8378	4493	0	2050	3	1518,43,434,	129,1647,1691,	0,1568,1616,	salt.tolerance	m992
1545	2	0	1	0	0	0	0	-	674	2511	135	1683	QPX_v015_contig_112	3319	0	1548	1	1548,	828,	0,	salt.tolerance	m992
2158	0	0	0	0	0	0	0	+	694	2476	318	2476	QPX_v015_contig_7445	2310	72	2230	1	2158,	318,	72,	salt.tolerance	m992
2963	0	0	0	0	0	0	0	-	697	2963	0	2963	QPX_v015_contig_257	10598	512	3475	1	2963,	0,	512,	salt.tolerance	m992
2128	0	0	0	0	0	0	0	+	718	2128	0	2128	QPX_v015_contig_108	12856	4857	6985	1	2128,	0,	4857,	salt.tolerance	m992
1706	0	0	0	0	0	0	0	-	737	1706	0	1706	QPX_v015_contig_2206	15960	6854	8560	1	1706,	0,	6854,	salt.tolerance	m992
3944	0	0	1	0	0	1	5	-	763	3945	0	3945	QPX_v015_contig_6484	6285	1604	5554	2	3550,395,	0,3550,	1604,5159,	salt.tolerance	m992
1688	0	0	0	0	0	0	0	-	768	4476	2593	4281	QPX_v015_contig_4167	1688	0	1688	1	1688,	195,	0,	salt.tolerance	m992
3681	0	0	0	0	0	2	109	-	786	4506	825	4506	QPX_v015_contig_271	5298	1508	5298	3	298,64,3319,	0,298,362,	1508,1859,1979,	salt.tolerance	m992
1741	0	0	0	0	0	1	61	-	827	1741	0	1741	QPX_v015_contig_973	5404	3496	5298	2	556,1185,	0,556,	3496,4113,	salt.tolerance	m992
1868	0	0	0	0	0	0	0	+	853	1868	0	1868	QPX_v015_contig_270	10625	1122	2990	1	1868,	0,	1122,	salt.tolerance	m992
2914	0	0	2	0	0	0	0	+	855	3078	162	3078	QPX_v015_contig_3021	11227	7236	10152	1	2916,	162,	7236,	salt.tolerance	m992
3038	0	0	3	0	0	0	0	+	895	3118	77	3118	QPX_v015_contig_4101	3980	849	3890	1	3041,	77,	849,	salt.tolerance	m992
2516	0	0	0	0	0	0	0	+	910	2516	0	2516	QPX_v015_contig_3501	4687	1553	4069	1	2516,	0,	1553,	salt.tolerance	m992
1699	0	0	0	0	0	0	0	+	913	1699	0	1699	QPX_v015_contig_8991	6370	74	1773	1	1699,	0,	74,	salt.tolerance	m992
2263	0	0	0	1	1	2	24	+	939	2264	0	2264	QPX_v015_contig_1448	10225	2765	5052	3	115,1448,700,	0,116,1564,	2765,2891,4352,	salt.tolerance	m992
5446	0	0	27	1	2	1	9	+	946	5475	0	5475	QPX_v015_contig_3114	6628	914	6396	2	2247,3226,	0,2249,	914,3170,	salt.tolerance	m992
1664	0	0	0	0	0	1	55	-	950	1664	0	1664	QPX_v015_contig_922	17694	569	2288	2	1318,346,	0,1318,	569,1942,	salt.tolerance	m992
2152	0	0	0	0	0	0	0	+	991	2152	0	2152	QPX_v015_contig_7770	4996	111	2263	1	2152,	0,	111,	salt.tolerance	m992
3563	0	0	0	0	0	0	0	-	1082	3563	0	3563	QPX_v015_contig_4379	12235	1775	5338	1	3563,	0,	1775,	salt.tolerance	m992
1731	0	0	0	0	0	0	0	+	1106	5424	0	1731	QPX_v015_contig_2829	10413	7031	8762	1	1731,	0,	7031,	salt.tolerance	m992
3714	3	0	0	0	0	1	116	+	1106	5424	1707	5424	QPX_v015_contig_185	14321	3443	7276	2	59,3658,	1707,1766,	3443,3618,	salt.tolerance	m992
1861	0	0	0	0	0	0	0	-	1115	1861	0	1861	QPX_v015_contig_516	11814	7079	8940	1	1861,	0,	7079,	salt.tolerance	m992
1863	0	0	0	1	1	0	0	-	1121	1864	0	1864	QPX_v015_contig_276	22646	3319	5182	2	553,1310,	0,554,	3319,3872,	salt.tolerance	m992
2068	0	0	0	0	0	2	137	+	1181	3033	877	2945	QPX_v015_contig_8227	2205	0	2205	3	1406,501,161,	877,2283,2784,	0,1493,2044,	salt.tolerance	m992
1539	0	0	0	0	0	0	0	+	1195	1872	0	1539	QPX_v015_contig_2042	1728	189	1728	1	1539,	0,	189,	salt.tolerance	m992
1859	0	0	0	0	0	0	0	+	1218	1865	6	1865	QPX_v015_contig_111	12863	0	1859	1	1859,	6,	0,	salt.tolerance	m992
1736	0	0	0	0	0	1	54	+	1219	1761	0	1736	QPX_v015_contig_644	5024	3154	4944	2	1472,264,	0,1472,	3154,4680,	salt.tolerance	m992
2430	0	0	0	0	0	1	58	+	1230	2430	0	2430	QPX_v015_contig_1246	8573	597	3085	2	461,1969,	0,461,	597,1116,	salt.tolerance	m992
2730	2	0	0	0	0	0	0	+	1287	2732	0	2732	QPX_v015_contig_7812	2832	64	2796	1	2732,	0,	64,	salt.tolerance	m992
2027	0	0	0	0	0	0	0	-	1305	2027	0	2027	QPX_v015_contig_7346	2431	241	2268	1	2027,	0,	241,	salt.tolerance	m992
1753	0	0	0	0	0	1	54	+	1335	1969	0	1753	QPX_v015_contig_4734	2077	270	2077	2	12,1741,	0,12,	270,336,	salt.tolerance	m992
2619	0	0	0	0	0	0	0	+	1379	3400	781	3400	QPX_v015_contig_8993	4469	0	2619	1	2619,	781,	0,	salt.tolerance	m992
2120	0	0	0	0	0	0	0	-	1394	2120	0	2120	QPX_v015_contig_3227	6800	60	2180	1	2120,	0,	60,	salt.tolerance	m992
2822	0	0	0	0	0	1	31	+	1406	2822	0	2822	QPX_v015_contig_4648	3096	124	2977	2	312,2510,	0,312,	124,467,	salt.tolerance	m992
3463	0	0	0	0	0	1	27	-	1416	3463	0	3463	QPX_v015_contig_675	6389	556	4046	2	3363,100,	0,3363,	556,3946,	salt.tolerance	m992
3914	0	0	0	0	0	0	0	-	1419	3914	0	3914	QPX_v015_contig_1833	5987	1278	5192	1	3914,	0,	1278,	salt.tolerance	m992
2176	0	0	0	1	1	3	15	+	1516	2177	0	2177	QPX_v015_contig_8476	6051	561	2752	4	1254,346,202,374,	0,1254,1601,1803,	561,1818,2170,2378,	salt.tolerance	m992
1776	0	0	0	0	0	0	0	-	1533	1776	0	1776	QPX_v015_contig_676	8069	2992	4768	1	1776,	0,	2992,	salt.tolerance	m992
1626	0	0	0	0	0	0	0	+	1549	1626	0	1626	QPX_v015_contig_6072	4401	2534	4160	1	1626,	0,	2534,	salt.tolerance	m992
1638	0	0	0	0	0	0	0	+	1578	1638	0	1638	QPX_v015_contig_5633	4033	1754	3392	1	1638,	0,	1754,	salt.tolerance	m992
1821	0	0	2	1	2	1	35	+	1586	1825	0	1825	QPX_v015_contig_2798	7047	3785	5643	2	1746,77,	0,1748,	3785,5566,	salt.tolerance	m992
4778	0	0	0	1	4	1	79	+	1591	4782	0	4782	QPX_v015_contig_3061	5167	197	5054	3	56,4270,452,	0,56,4330,	197,332,4602,	salt.tolerance	m992
1726	0	0	0	0	0	2	44	-	1604	1726	0	1726	QPX_v015_contig_155	6975	1971	3741	3	1215,330,181,	0,1215,1545,	1971,3228,3560,	salt.tolerance	m992
1807	0	0	0	0	0	0	0	-	1660	1807	0	1807	QPX_v015_contig_4991	4147	552	2359	1	1807,	0,	552,	salt.tolerance	m992
1559	28	0	2	0	0	0	0	+	1665	2295	706	2295	QPX_v015_contig_8121	1675	0	1589	1	1589,	706,	0,	salt.tolerance	m992
2940	15	0	0	1	1	1	6	+	1696	4181	985	3941	QPX_v015_contig_2400	2961	0	2961	2	1394,1561,	985,2380,	0,1400,	salt.tolerance	m992
3964	0	0	0	0	0	0	0	+	1731	3964	0	3964	QPX_v015_contig_128	14781	645	4609	1	3964,	0,	645,	salt.tolerance	m992
1613	0	0	0	0	0	0	0	+	1739	2296	683	2296	QPX_v015_contig_4856	1765	0	1613	1	1613,	683,	0,	salt.tolerance	m992
2491	0	0	0	0	0	0	0	-	1740	2491	0	2491	QPX_v015_contig_5971	9608	170	2661	1	2491,	0,	170,	salt.tolerance	m992
5677	0	0	0	0	0	1	63	-	1771	5677	0	5677	QPX_v015_contig_367	10060	1076	6816	2	3737,1940,	0,3737,	1076,4876,	salt.tolerance	m992
2207	0	0	0	1	1	2	48	-	1796	2208	0	2208	QPX_v015_contig_4741	15882	6196	8451	3	188,1935,84,	0,189,2124,	6196,6390,8367,	salt.tolerance	m992
2143	0	0	0	1	1	1	10	-	1797	2144	0	2144	QPX_v015_contig_3452	2883	271	2424	2	1156,987,	0,1157,	271,1437,	salt.tolerance	m992
1992	0	0	0	1	528	3	1017	-	1821	2520	0	2520	QPX_v015_contig_3772	4125	772	3781	4	230,63,1276,423,	0,758,821,2097,	772,1529,2055,3358,	salt.tolerance	m992
1876	0	0	0	0	0	0	0	+	1839	1876	0	1876	QPX_v015_contig_7303	6114	152	2028	1	1876,	0,	152,	salt.tolerance	m992
1709	3	0	1	2	103	3	67	-	1922	1918	102	1918	QPX_v015_contig_4085	1963	183	1963	4	1279,329,11,94,	0,1279,1710,1722,	183,1520,1855,1869,	salt.tolerance	m992
4354	0	0	0	1	1	1	9	-	1974	4355	0	4355	QPX_v015_contig_2867	11320	6453	10816	2	1903,2451,	0,1904,	6453,8365,	salt.tolerance	m992
3050	0	0	0	0	0	0	0	-	1997	3050	0	3050	QPX_v015_contig_6380	6852	1801	4851	1	3050,	0,	1801,	salt.tolerance	m992
2555	0	0	0	0	0	0	0	+	2023	2555	0	2555	QPX_v015_contig_3496	4857	861	3416	1	2555,	0,	861,	salt.tolerance	m992
2122	0	0	0	1	1	2	17	+	2071	2123	0	2123	QPX_v015_contig_424	9976	5276	7415	3	332,259,1531,	0,332,592,	5276,5615,5884,	salt.tolerance	m992
4805	0	0	1	1	1	3	67	-	2117	6196	1137	5944	QPX_v015_contig_3363	4873	0	4873	4	257,1043,2829,677,	252,509,1552,4382,	0,315,1361,4196,	salt.tolerance	m992
2584	0	0	0	0	0	0	0	-	2120	2584	0	2584	QPX_v015_contig_1672	9372	167	2751	1	2584,	0,	167,	salt.tolerance	m992
2060	0	0	0	0	0	2	117	-	2135	2060	0	2060	QPX_v015_contig_176	3100	525	2702	3	399,803,858,	0,399,1202,	525,983,1844,	salt.tolerance	m992
2844	0	0	0	0	0	0	0	+	2153	2844	0	2844	QPX_v015_contig_1193	3098	151	2995	1	2844,	0,	151,	salt.tolerance	m992
2089	0	0	0	0	0	0	0	-	2170	2159	0	2089	QPX_v015_contig_8586	4524	0	2089	1	2089,	70,	0,	salt.tolerance	m992
3720	0	0	0	0	0	1	57	-	2195	3720	0	3720	QPX_v015_contig_816	14068	10261	14038	2	2017,1703,	0,2017,	10261,12335,	salt.tolerance	m992
3183	0	0	0	0	0	0	0	-	2196	3183	0	3183	QPX_v015_contig_812	7678	3900	7083	1	3183,	0,	3900,	salt.tolerance	m992
3379	3	0	0	0	0	0	0	+	2277	3402	0	3382	QPX_v015_contig_391	6987	704	4086	1	3382,	0,	704,	salt.tolerance	m992
2284	0	0	0	1	5	0	0	-	2357	2564	275	2564	QPX_v015_contig_3442	7152	4868	7152	2	2128,156,	0,2133,	4868,6996,	salt.tolerance	m992
4587	0	0	0	1	1	0	0	+	2393	4588	0	4588	QPX_v015_contig_8280	5274	330	4917	2	4010,577,	0,4011,	330,4340,	salt.tolerance	m992
2930	0	0	0	0	0	0	0	-	2460	2930	0	2930	QPX_v015_contig_2733	4722	1135	4065	1	2930,	0,	1135,	salt.tolerance	m992
1927	0	0	1	1	6	1	1	+	2472	1968	34	1968	QPX_v015_contig_6207	5226	6	1935	2	908,1020,	34,948,	6,915,	salt.tolerance	m992
3130	0	0	0	0	0	1	291	-	2505	3194	64	3194	QPX_v015_contig_1051	5079	1658	5079	2	803,2327,	0,803,	1658,2752,	salt.tolerance	m992
2618	0	0	0	0	0	0	0	+	2515	2618	0	2618	QPX_v015_contig_5063	4193	200	2818	1	2618,	0,	200,	salt.tolerance	m992
1891	0	0	0	0	0	1	29	+	2559	1891	0	1891	QPX_v015_contig_9603	2830	254	2174	2	598,1293,	0,598,	254,881,	salt.tolerance	m992
2849	0	0	0	0	0	2	50	+	2568	2849	0	2849	QPX_v015_contig_7198	7295	155	3054	3	774,596,1479,	0,774,1370,	155,931,1575,	salt.tolerance	m992
3576	0	0	0	0	0	0	0	-	2578	3576	0	3576	QPX_v015_contig_3676	5760	127	3703	1	3576,	0,	127,	salt.tolerance	m992
4063	0	0	0	0	0	1	80	-	2602	5449	0	4063	QPX_v015_contig_712	4609	0	4143	2	278,3785,	1386,1664,	0,358,	salt.tolerance	m992
1519	0	0	0	0	0	0	0	-	2644	1519	0	1519	QPX_v015_contig_3137	4674	2995	4514	1	1519,	0,	2995,	salt.tolerance	m992
2248	1	0	0	0	0	1	43	-	2653	2249	0	2249	QPX_v015_contig_3287	5908	28	2320	2	1941,308,	0,1941,	28,2012,	salt.tolerance	m992
2568	0	0	0	0	0	0	0	+	2658	2568	0	2568	QPX_v015_contig_325	6975	828	3396	1	2568,	0,	828,	salt.tolerance	m992
1930	0	0	0	0	0	0	0	-	2661	1930	0	1930	QPX_v015_contig_1400	7682	26	1956	1	1930,	0,	26,	salt.tolerance	m992
4044	0	0	0	0	0	0	0	+	2719	4044	0	4044	QPX_v015_contig_4339	4321	116	4160	1	4044,	0,	116,	salt.tolerance	m992
1726	0	0	0	0	0	0	0	-	2723	1726	0	1726	QPX_v015_contig_10097	2744	827	2553	1	1726,	0,	827,	salt.tolerance	m992
1550	0	0	0	0	0	0	0	-	2739	1550	0	1550	QPX_v015_contig_3174	2424	110	1660	1	1550,	0,	110,	salt.tolerance	m992
2024	0	0	0	0	0	0	0	+	2758	2024	0	2024	QPX_v015_contig_1850	3117	650	2674	1	2024,	0,	650,	salt.tolerance	m992
2827	0	0	0	0	0	0	0	-	2776	2827	0	2827	QPX_v015_contig_663	20015	12293	15120	1	2827,	0,	12293,	salt.tolerance	m992
2079	0	0	1	1	1	1	5	-	2795	2081	0	2081	QPX_v015_contig_2288	8826	6561	8646	2	1389,691,	0,1390,	6561,7955,	salt.tolerance	m992
1763	0	0	0	0	0	0	0	+	2797	1763	0	1763	QPX_v015_contig_1115	4491	2412	4175	1	1763,	0,	2412,	salt.tolerance	m992
3914	0	0	0	0	0	0	0	-	2842	3914	0	3914	QPX_v015_contig_3944	5368	199	4113	1	3914,	0,	199,	salt.tolerance	m992
1686	0	0	0	0	0	0	0	-	2900	1686	0	1686	QPX_v015_contig_1594	5152	333	2019	1	1686,	0,	333,	salt.tolerance	m992
2509	0	0	0	0	0	0	0	-	2962	2509	0	2509	QPX_v015_contig_3297	6492	321	2830	1	2509,	0,	321,	salt.tolerance	m992
1984	0	0	0	0	0	0	0	+	2966	1984	0	1984	QPX_v015_contig_4494	4777	2105	4089	1	1984,	0,	2105,	salt.tolerance	m992
2749	0	0	0	0	0	0	0	-	2993	3989	0	2749	QPX_v015_contig_4419	9598	0	2749	1	2749,	1240,	0,	salt.tolerance	m992
1598	0	0	0	1	3	0	0	+	3062	1602	1	1602	QPX_v015_contig_7745	5426	127	1725	2	14,1584,	1,18,	127,141,	salt.tolerance	m992
2007	0	0	0	0	0	0	0	-	3095	2007	0	2007	QPX_v015_contig_1733	3081	288	2295	1	2007,	0,	288,	salt.tolerance	m992
1557	2	0	0	0	0	0	0	-	3126	1559	0	1559	QPX_v015_contig_1247	19027	16329	17888	1	1559,	0,	16329,	salt.tolerance	m992
2689	0	0	0	0	0	0	0	+	3132	2689	0	2689	QPX_v015_contig_3966	6587	2791	5480	1	2689,	0,	2791,	salt.tolerance	m992
2289	0	0	0	0	0	0	0	-	3147	2289	0	2289	QPX_v015_contig_7302	4586	198	2487	1	2289,	0,	198,	salt.tolerance	m992
2026	0	0	0	0	0	0	0	+	3157	2046	20	2046	QPX_v015_contig_2905	13648	4230	6256	1	2026,	20,	4230,	salt.tolerance	m992
2252	0	0	0	0	0	0	0	-	3173	2252	0	2252	QPX_v015_contig_2954	14574	1013	3265	1	2252,	0,	1013,	salt.tolerance	m992
3535	0	0	0	0	0	0	0	-	3174	3535	0	3535	QPX_v015_contig_642	6806	1015	4550	1	3535,	0,	1015,	salt.tolerance	m992
3102	1	0	1	2	2	2	50	-	3215	3106	0	3106	QPX_v015_contig_3751	6005	2113	5267	3	448,261,2395,	0,449,711,	2113,2579,2872,	salt.tolerance	m992
1953	0	0	0	0	0	0	0	-	3223	2967	0	1953	QPX_v015_contig_7419	2002	0	1953	1	1953,	1014,	0,	salt.tolerance	m992
1525	0	0	0	1	1	1	6	-	3249	1547	21	1547	QPX_v015_contig_6361	4852	3213	4744	2	957,568,	0,958,	3213,4176,	salt.tolerance	m992
4654	0	0	0	0	0	2	58	-	3261	4654	0	4654	QPX_v015_contig_2170	5444	212	4924	3	2499,1057,1098,	0,2499,3556,	212,2716,3826,	salt.tolerance	m992
2032	0	0	0	0	0	0	0	-	3317	2032	0	2032	QPX_v015_contig_440	6717	702	2734	1	2032,	0,	702,	salt.tolerance	m992
2343	0	0	0	0	0	0	0	+	3319	2657	288	2631	QPX_v015_contig_506	2343	0	2343	1	2343,	288,	0,	salt.tolerance	m992
3040	0	0	0	0	0	0	0	-	3322	3040	0	3040	QPX_v015_contig_536	3235	24	3064	1	3040,	0,	24,	salt.tolerance	m992
1613	0	0	0	1	4	0	0	-	3343	1617	0	1617	QPX_v015_contig_1563	4634	920	2533	2	716,897,	0,720,	920,1636,	salt.tolerance	m992
2327	0	0	3	0	0	1	50	+	3351	2337	7	2337	QPX_v015_contig_5842	4816	99	2479	2	381,1949,	7,388,	99,530,	salt.tolerance	m992
1937	0	0	0	1	2	0	0	-	3358	2005	66	2005	QPX_v015_contig_254	16633	14696	16633	2	165,1772,	0,167,	14696,14861,	salt.tolerance	m992
2310	0	0	0	0	0	0	0	-	3368	2310	0	2310	QPX_v015_contig_2575	18894	3148	5458	1	2310,	0,	3148,	salt.tolerance	m992
2546	0	0	0	1	1	1	11	+	3369	2547	0	2547	QPX_v015_contig_1480	4429	294	2851	2	1413,1133,	0,1414,	294,1718,	salt.tolerance	m992
1814	0	0	4	1	2	1	38	-	3422	1820	0	1820	QPX_v015_contig_2448	9954	242	2098	2	455,1363,	0,457,	242,735,	salt.tolerance	m992
1849	0	0	1	2	6	2	125	-	3439	1856	0	1856	QPX_v015_contig_1740	14551	8720	10695	4	84,975,683,108,	0,85,1060,1748,	8720,8877,9904,10587,	salt.tolerance	m992
2799	0	0	0	1	4	0	0	-	3489	3234	431	3234	QPX_v015_contig_9702	2965	166	2965	2	848,1951,	0,852,	166,1014,	salt.tolerance	m992
3078	0	0	0	0	0	0	0	+	3523	3078	0	3078	QPX_v015_contig_459	11570	1817	4895	1	3078,	0,	1817,	salt.tolerance	m992
2045	0	0	0	1	3	2	48	+	3527	2075	0	2048	QPX_v015_contig_1523	2228	135	2228	4	215,82,1248,500,	0,215,300,1548,	135,397,479,1728,	salt.tolerance	m992
2033	0	0	0	0	0	1	61	+	3588	2033	0	2033	QPX_v015_contig_3720	7755	1222	3316	2	317,1716,	0,317,	1222,1600,	salt.tolerance	m992
1852	0	0	2	1	1	1	18	-	3626	1855	0	1855	QPX_v015_contig_4504	7663	304	2176	2	449,1405,	0,450,	304,771,	salt.tolerance	m992
2028	0	0	1	1	1	1	8	+	3659	2030	0	2030	QPX_v015_contig_1289	4330	40	2077	2	655,1374,	0,656,	40,703,	salt.tolerance	m992
1914	0	0	0	0	0	1	2	+	3673	1914	0	1914	QPX_v015_contig_484	12723	1136	3052	2	1827,87,	0,1827,	1136,2965,	salt.tolerance	m992
3451	0	0	0	0	0	2	126	+	3676	3451	0	3451	QPX_v015_contig_3651	3867	160	3737	3	2047,1376,28,	0,2047,3423,	160,2262,3709,	salt.tolerance	m992
2036	0	0	0	0	0	0	0	-	3706	2036	0	2036	QPX_v015_contig_2109	33601	15027	17063	1	2036,	0,	15027,	salt.tolerance	m992
1845	0	0	0	0	0	1	11	+	3762	1845	0	1845	QPX_v015_contig_2517	5041	603	2459	2	1597,248,	0,1597,	603,2211,	salt.tolerance	m992
1596	0	0	0	0	0	0	0	-	3769	1596	0	1596	QPX_v015_contig_3545	3490	404	2000	1	1596,	0,	404,	salt.tolerance	m992
1983	0	0	1	0	0	1	54	-	3824	1984	0	1984	QPX_v015_contig_1365	31757	21645	23683	2	105,1879,	0,105,	21645,21804,	salt.tolerance	m992
2707	0	0	0	0	0	0	0	-	3856	2707	0	2707	QPX_v015_contig_1696	11857	187	2894	1	2707,	0,	187,	salt.tolerance	m992
4609	0	0	3	0	0	2	24	+	3857	4684	72	4684	QPX_v015_contig_2448	9954	0	4636	3	222,432,3958,	72,294,726,	0,235,678,	salt.tolerance	m992
1814	0	0	0	0	0	0	0	+	3859	1814	0	1814	QPX_v015_contig_6040	6857	139	1953	1	1814,	0,	139,	salt.tolerance	m992
1973	0	0	0	0	0	0	0	-	3888	2544	571	2544	QPX_v015_contig_9000	3844	1871	3844	1	1973,	0,	1871,	salt.tolerance	m992
4000	0	0	0	1	1	0	0	+	3890	4001	0	4001	QPX_v015_contig_3512	8055	439	4439	2	2104,1896,	0,2105,	439,2543,	salt.tolerance	m992
1610	0	0	0	0	0	0	0	+	3905	2691	1081	2691	QPX_v015_contig_11574	1996	0	1610	1	1610,	1081,	0,	salt.tolerance	m992
1968	0	0	0	0	0	2	160	-	3931	1968	0	1968	QPX_v015_contig_335	7377	49	2177	3	1532,336,100,	0,1532,1868,	49,1690,2077,	salt.tolerance	m992
2146	1	0	4	1	2	1	18	-	3976	2228	75	2228	QPX_v015_contig_5473	3168	397	2566	2	800,1351,	0,802,	397,1215,	salt.tolerance	m992
2811	0	0	0	0	0	0	0	+	4030	2811	0	2811	QPX_v015_contig_1797	7635	3475	6286	1	2811,	0,	3475,	salt.tolerance	m992
2066	0	0	0	0	0	0	0	-	4064	2066	0	2066	QPX_v015_contig_4765	2566	44	2110	1	2066,	0,	44,	salt.tolerance	m992
2856	0	0	1	1	1	2	28	-	4083	2858	0	2858	QPX_v015_contig_2477	16039	353	3238	3	874,1848,135,	0,874,2723,	353,1231,3103,	salt.tolerance	m992
2388	0	0	0	1	1	1	48	-	4180	2389	0	2389	QPX_v015_contig_3395	6527	2045	4481	3	1806,500,82,	0,1807,2307,	2045,3851,4399,	salt.tolerance	m992
1958	0	0	0	0	0	0	0	-	4200	1958	0	1958	QPX_v015_contig_2288	8826	4134	6092	1	1958,	0,	4134,	salt.tolerance	m992
3832	0	0	0	1	5	0	0	+	4209	3993	0	3837	QPX_v015_contig_1603	5799	1826	5658	2	150,3682,	0,155,	1826,1976,	salt.tolerance	m992
1546	0	0	0	0	0	0	0	-	4210	1546	0	1546	QPX_v015_contig_7001	4010	1658	3204	1	1546,	0,	1658,	salt.tolerance	m992
2129	0	0	0	0	0	0	0	-	4283	2388	259	2388	QPX_v015_contig_1334	7918	5789	7918	1	2129,	0,	5789,	salt.tolerance	m992
1970	0	0	0	0	0	0	0	-	4303	1970	0	1970	QPX_v015_contig_9895	3015	629	2599	1	1970,	0,	629,	salt.tolerance	m992
1724	0	0	0	0	0	0	0	-	4308	1861	0	1724	QPX_v015_contig_1452	5430	433	2157	1	1724,	137,	433,	salt.tolerance	m992
1743	0	0	0	0	0	0	0	+	4360	1743	0	1743	QPX_v015_contig_2742	2698	45	1788	1	1743,	0,	45,	salt.tolerance	m992
3299	0	0	0	0	0	0	0	+	4380	3299	0	3299	QPX_v015_contig_6218	4154	106	3405	1	3299,	0,	106,	salt.tolerance	m992
1942	0	0	0	0	0	0	0	-	4427	2086	0	1942	QPX_v015_contig_508	8453	0	1942	1	1942,	144,	0,	salt.tolerance	m992
2447	0	0	1	0	0	1	7	+	4450	2448	0	2448	QPX_v015_contig_699	7279	2407	4862	2	1098,1350,	0,1098,	2407,3512,	salt.tolerance	m992
3367	0	0	0	0	0	1	52	+	4453	3618	0	3367	QPX_v015_contig_6622	3519	100	3519	2	1733,1634,	0,1733,	100,1885,	salt.tolerance	m992
2412	0	0	0	0	0	1	51	-	4455	2412	0	2412	QPX_v015_contig_5749	3558	153	2616	2	1935,477,	0,1935,	153,2139,	salt.tolerance	m992
1988	0	0	0	1	1	2	8	+	4545	1989	0	1989	QPX_v015_contig_2496	5050	1080	3076	3	221,733,1034,	0,221,955,	1080,1304,2042,	salt.tolerance	m992
1524	0	0	0	0	0	1	146	+	4553	1538	0	1524	QPX_v015_contig_3556	2895	955	2625	2	1288,236,	0,1288,	955,2389,	salt.tolerance	m992
3768	0	0	0	0	0	0	0	+	4599	3768	0	3768	QPX_v015_contig_2714	11869	6466	10234	1	3768,	0,	6466,	salt.tolerance	m992
3005	0	0	0	0	0	0	0	+	4604	3005	0	3005	QPX_v015_contig_2046	9138	221	3226	1	3005,	0,	221,	salt.tolerance	m992
2489	0	0	0	0	0	1	52	-	4611	2489	0	2489	QPX_v015_contig_2290	3300	215	2756	2	15,2474,	0,15,	215,282,	salt.tolerance	m992
1677	0	0	0	0	0	0	0	+	4616	1677	0	1677	QPX_v015_contig_4551	5443	3349	5026	1	1677,	0,	3349,	salt.tolerance	m992
1839	0	0	0	1	5	0	0	-	4632	1844	0	1844	QPX_v015_contig_3211	6497	489	2328	2	637,1202,	0,642,	489,1126,	salt.tolerance	m992
2079	0	0	0	0	0	1	4	+	4649	2079	0	2079	QPX_v015_contig_9134	3470	1301	3384	2	471,1608,	0,471,	1301,1776,	salt.tolerance	m992
3372	0	0	0	0	0	0	0	+	4772	3372	0	3372	QPX_v015_contig_2232	14623	11206	14578	1	3372,	0,	11206,	salt.tolerance	m992
3653	0	0	0	0	0	0	0	+	4792	3653	0	3653	QPX_v015_contig_1289	4330	40	3693	1	3653,	0,	40,	salt.tolerance	m992
4382	0	0	0	0	0	0	0	+	4848	4488	0	4382	QPX_v015_contig_2314	7245	2467	6849	1	4382,	0,	2467,	salt.tolerance	m992
3363	0	0	0	0	0	0	0	+	4868	3363	0	3363	QPX_v015_contig_4570	8609	140	3503	1	3363,	0,	140,	salt.tolerance	m992
1954	0	0	0	1	13	1	2	-	4871	1967	0	1967	QPX_v015_contig_429	13196	8366	10322	3	310,1310,334,	0,310,1633,	8366,8678,9988,	salt.tolerance	m992
1830	0	0	0	0	0	0	0	-	4944	1830	0	1830	QPX_v015_contig_4259	2264	373	2203	1	1830,	0,	373,	salt.tolerance	m992
2275	0	0	2	1	1	2	72	+	5043	2278	0	2278	QPX_v015_contig_1537	8311	5626	7975	3	1142,462,673,	0,1143,1605,	5626,6785,7302,	salt.tolerance	m992
1623	0	0	0	0	0	0	0	-	5062	1879	0	1623	QPX_v015_contig_6333	7294	0	1623	1	1623,	256,	0,	salt.tolerance	m992
2807	0	0	0	0	0	0	0	+	5142	2807	0	2807	QPX_v015_contig_2901	16616	11054	13861	1	2807,	0,	11054,	salt.tolerance	m992
2115	0	0	0	0	0	0	0	-	5201	2202	0	2115	QPX_v015_contig_8757	2551	70	2185	1	2115,	87,	70,	salt.tolerance	m992
1670	0	0	0	0	0	0	0	+	5203	1865	142	1812	QPX_v015_contig_9454	1670	0	1670	1	1670,	142,	0,	salt.tolerance	m992
2456	0	0	0	0	0	0	0	+	5209	2456	0	2456	QPX_v015_contig_2726	9734	64	2520	1	2456,	0,	64,	salt.tolerance	m992
2446	0	0	0	1	1	0	0	+	5215	2913	466	2913	QPX_v015_contig_3211	6497	0	2446	2	11,2435,	466,478,	0,11,	salt.tolerance	m992
1847	0	0	0	1	3	1	1	-	5247	1975	125	1975	QPX_v015_contig_557	13888	3382	5230	2	1841,6,	0,1844,	3382,5224,	salt.tolerance	m992
2113	0	0	0	0	0	0	0	+	5272	2394	281	2394	QPX_v015_contig_6447	7868	0	2113	1	2113,	281,	0,	salt.tolerance	m992
2361	0	0	0	1	128	0	0	+	5315	2514	0	2489	QPX_v015_contig_1403	2534	95	2456	2	2305,56,	0,2433,	95,2400,	salt.tolerance	m992
2524	1	0	0	0	0	0	0	+	5331	2550	25	2550	QPX_v015_contig_1448	10225	4	2529	1	2525,	25,	4,	salt.tolerance	m992
1747	0	0	0	0	0	2	110	-	5368	1961	157	1904	QPX_v015_contig_2461	1857	0	1857	3	45,94,1608,	57,102,196,	0,97,249,	salt.tolerance	m992
2747	0	0	0	0	0	1	55	-	5396	2747	0	2747	QPX_v015_contig_6888	5662	549	3351	2	1417,1330,	0,1417,	549,2021,	salt.tolerance	m992
2016	0	0	0	0	0	0	0	-	5404	2016	0	2016	QPX_v015_contig_2963	7205	5160	7176	1	2016,	0,	5160,	salt.tolerance	m992
2293	0	0	0	0	0	0	0	+	5409	2647	0	2293	QPX_v015_contig_1769	2344	51	2344	1	2293,	0,	51,	salt.tolerance	m992
2518	0	0	0	0	0	1	56	-	5413	2629	0	2518	QPX_v015_contig_4006	4133	385	2959	2	356,2162,	111,467,	385,797,	salt.tolerance	m992
2046	0	0	0	0	0	0	0	-	5474	2046	0	2046	QPX_v015_contig_6473	2561	258	2304	1	2046,	0,	258,	salt.tolerance	m992
3019	0	0	0	0	0	0	0	-	5479	3040	21	3040	QPX_v015_contig_2287	5723	2704	5723	1	3019,	0,	2704,	salt.tolerance	m992
2577	0	0	0	0	0	0	0	+	5533	2577	0	2577	QPX_v015_contig_518	6246	2642	5219	1	2577,	0,	2642,	salt.tolerance	m992
2529	0	0	0	0	0	0	0	+	5587	2529	0	2529	QPX_v015_contig_422	4130	541	3070	1	2529,	0,	541,	salt.tolerance	m992
2259	0	0	0	0	0	0	0	-	5623	2299	40	2299	QPX_v015_contig_5041	3974	1715	3974	1	2259,	0,	1715,	salt.tolerance	m992
2033	0	0	0	0	0	2	113	-	5666	2334	301	2334	QPX_v015_contig_2850	6497	4351	6497	3	213,99,1721,	0,213,312,	4351,4618,4776,	salt.tolerance	m992
1585	0	0	0	0	0	0	0	+	5685	2316	0	1585	QPX_v015_contig_7460	4136	2551	4136	1	1585,	0,	2551,	salt.tolerance	m992
1758	0	0	0	1	12	0	0	+	5704	2901	0	1770	QPX_v015_contig_3375	7483	5725	7483	2	1748,10,	0,1760,	5725,7473,	salt.tolerance	m992
1890	0	0	0	0	0	0	0	+	5789	2036	0	1890	QPX_v015_contig_4893	2059	169	2059	1	1890,	0,	169,	salt.tolerance	m992
2128	0	0	0	0	0	0	0	-	5805	2297	169	2297	QPX_v015_contig_1346	7075	4947	7075	1	2128,	0,	4947,	salt.tolerance	m992
1647	0	0	0	0	0	0	0	+	5863	1647	0	1647	QPX_v015_contig_7513	4786	2540	4187	1	1647,	0,	2540,	salt.tolerance	m992
2204	0	0	0	0	0	0	0	+	5870	2204	0	2204	QPX_v015_contig_4909	10059	3265	5469	1	2204,	0,	3265,	salt.tolerance	m992
3137	0	0	19	1	35	1	63	-	5935	3191	0	3191	QPX_v015_contig_1454	5680	1049	4268	2	77,3079,	0,112,	1049,1189,	salt.tolerance	m992
1797	0	0	0	0	0	0	0	-	5987	1797	0	1797	QPX_v015_contig_867	5427	3433	5230	1	1797,	0,	3433,	salt.tolerance	m992
2180	0	0	0	1	1	1	2	+	5994	2181	0	2181	QPX_v015_contig_2792	4400	777	2959	2	2040,140,	0,2041,	777,2819,	salt.tolerance	m992
2081	0	0	0	0	0	1	43	-	6023	2081	0	2081	QPX_v015_contig_714	17854	236	2360	2	2010,71,	0,2010,	236,2289,	salt.tolerance	m992
2908	0	0	0	0	0	0	0	+	6111	2908	0	2908	QPX_v015_contig_4860	3158	141	3049	1	2908,	0,	141,	salt.tolerance	m992
1949	0	0	0	0	0	0	0	-	6172	1949	0	1949	QPX_v015_contig_5328	3902	427	2376	1	1949,	0,	427,	salt.tolerance	m992
1652	0	0	0	0	0	0	0	+	6197	1652	0	1652	QPX_v015_contig_3382	14478	8216	9868	1	1652,	0,	8216,	salt.tolerance	m992
2112	0	0	0	0	0	0	0	+	6278	2112	0	2112	QPX_v015_contig_2612	5265	95	2207	1	2112,	0,	95,	salt.tolerance	m992
2325	0	0	0	0	0	1	59	+	6282	2325	0	2325	QPX_v015_contig_2095	7372	2956	5340	2	42,2283,	0,42,	2956,3057,	salt.tolerance	m992
3771	0	0	0	0	0	1	63	-	6324	3771	0	3771	QPX_v015_contig_1312	8301	139	3973	2	2560,1211,	0,2560,	139,2762,	salt.tolerance	m992
3275	0	0	0	0	0	0	0	-	6330	3275	0	3275	QPX_v015_contig_811	13005	941	4216	1	3275,	0,	941,	salt.tolerance	m992
2363	0	0	0	0	0	0	0	-	6361	2363	0	2363	QPX_v015_contig_3235	6523	3710	6073	1	2363,	0,	3710,	salt.tolerance	m992
2576	0	0	0	0	0	0	0	-	6390	2724	0	2576	QPX_v015_contig_2121	10271	5615	8191	1	2576,	148,	5615,	salt.tolerance	m992
2416	0	0	0	0	0	0	0	-	6462	2416	0	2416	QPX_v015_contig_4287	8142	315	2731	1	2416,	0,	315,	salt.tolerance	m992
1722	0	0	0	0	0	1	58	-	6534	2171	449	2171	QPX_v015_contig_4085	1963	183	1963	2	1279,443,	0,1279,	183,1520,	salt.tolerance	m992
2972	0	0	0	0	0	0	0	+	6551	2972	0	2972	QPX_v015_contig_4295	6621	2651	5623	1	2972,	0,	2651,	salt.tolerance	m992
1931	0	0	0	0	0	0	0	-	6630	1931	0	1931	QPX_v015_contig_3952	2630	580	2511	1	1931,	0,	580,	salt.tolerance	m992
1593	0	0	1	0	0	0	0	-	6654	1594	0	1594	QPX_v015_contig_321	3443	1639	3233	1	1594,	0,	1639,	salt.tolerance	m992
2499	0	0	0	0	0	0	0	-	6674	2499	0	2499	QPX_v015_contig_154	16576	10618	13117	1	2499,	0,	10618,	salt.tolerance	m992
2058	0	0	0	1	2	0	0	+	6680	2060	0	2060	QPX_v015_contig_411	2862	280	2338	2	604,1454,	0,606,	280,884,	salt.tolerance	m992
2007	0	0	0	0	0	0	0	+	6708	2132	125	2132	QPX_v015_contig_3724	5465	2982	4989	1	2007,	125,	2982,	salt.tolerance	m992
2022	0	0	0	2	2	2	15	+	6791	2024	0	2024	QPX_v015_contig_1289	4330	40	2077	3	654,771,597,	0,655,1427,	40,702,1480,	salt.tolerance	m992
2989	0	0	0	1	5	1	14	-	6810	2994	0	2994	QPX_v015_contig_2931	5843	2750	5753	2	101,2888,	0,106,	2750,2865,	salt.tolerance	m992
1783	0	0	0	0	0	2	12	+	6884	1783	0	1783	QPX_v015_contig_2598	2654	292	2087	3	671,806,306,	0,671,1477,	292,965,1781,	salt.tolerance	m992
5250	0	0	0	0	0	0	0	+	6900	5300	0	5250	QPX_v015_contig_2855	7372	2122	7372	1	5250,	0,	2122,	salt.tolerance	m992
2659	0	0	0	1	1	1	26	+	6976	2660	0	2660	QPX_v015_contig_937	3903	915	3600	2	1968,691,	0,1969,	915,2909,	salt.tolerance	m992
2294	0	0	0	0	0	0	0	-	6988	2294	0	2294	QPX_v015_contig_909	31375	27831	30125	1	2294,	0,	27831,	salt.tolerance	m992
2089	0	0	0	0	0	0	0	+	7025	2089	0	2089	QPX_v015_contig_2194	18391	1772	3861	1	2089,	0,	1772,	salt.tolerance	m992
1742	0	0	0	0	0	0	0	+	7063	1743	1	1743	QPX_v015_contig_2195	6443	2101	3843	1	1742,	1,	2101,	salt.tolerance	m992
1583	0	0	0	0	0	1	29	+	7066	1930	0	1583	QPX_v015_contig_9702	2965	1353	2965	2	111,1472,	0,111,	1353,1493,	salt.tolerance	m992
1870	0	0	0	0	0	0	0	-	7173	1934	0	1870	QPX_v015_contig_1247	19027	0	1870	1	1870,	64,	0,	salt.tolerance	m992
2281	1	0	2	1	1	1	12	+	7218	2287	2	2287	QPX_v015_contig_1448	10225	84	2380	2	2196,88,	2,2199,	84,2292,	salt.tolerance	m992
2319	0	0	0	1	1	1	6	-	7243	2320	0	2320	QPX_v015_contig_1649	6388	1863	4188	2	240,2079,	0,241,	1863,2109,	salt.tolerance	m992
2651	0	0	0	0	0	0	0	+	7254	2651	0	2651	QPX_v015_contig_3104	10373	7146	9797	1	2651,	0,	7146,	salt.tolerance	m992
2474	0	0	0	0	0	0	0	+	7268	2474	0	2474	QPX_v015_contig_353	3453	223	2697	1	2474,	0,	223,	salt.tolerance	m992
1834	0	0	0	0	0	0	0	+	7271	1834	0	1834	QPX_v015_contig_2747	10715	8780	10614	1	1834,	0,	8780,	salt.tolerance	m992
1910	0	0	0	0	0	0	0	-	7308	1910	0	1910	QPX_v015_contig_9315	5969	1330	3240	1	1910,	0,	1330,	salt.tolerance	m992
2101	0	0	0	0	0	1	65	+	7351	2101	0	2101	QPX_v015_contig_7568	3205	290	2456	2	843,1258,	0,843,	290,1198,	salt.tolerance	m992
2478	2	0	0	0	0	0	0	-	7367	2480	0	2480	QPX_v015_contig_3490	3448	863	3343	1	2480,	0,	863,	salt.tolerance	m992
1824	0	0	1	1	1	1	22	+	7384	1826	0	1826	QPX_v015_contig_1578	7250	4335	6182	2	161,1664,	0,162,	4335,4518,	salt.tolerance	m992
1654	0	0	0	0	0	0	0	+	7421	2884	0	1654	QPX_v015_contig_5332	1734	80	1734	1	1654,	0,	80,	salt.tolerance	m992
2447	0	0	0	0	0	0	0	-	7425	2742	0	2447	QPX_v015_contig_3300	9708	0	2447	1	2447,	295,	0,	salt.tolerance	m992
2384	0	0	0	0	0	0	0	+	7562	2384	0	2384	QPX_v015_contig_4266	6123	805	3189	1	2384,	0,	805,	salt.tolerance	m992
1998	0	0	0	0	0	0	0	+	7680	1998	0	1998	QPX_v015_contig_178	13167	10612	12610	1	1998,	0,	10612,	salt.tolerance	m992
2097	0	0	0	0	0	0	0	+	7684	2097	0	2097	QPX_v015_contig_2270	16260	1124	3221	1	2097,	0,	1124,	salt.tolerance	m992
1542	0	0	0	1	1	1	5	-	7686	1543	0	1543	QPX_v015_contig_6448	7068	4659	6206	2	1479,63,	0,1480,	4659,6143,	salt.tolerance	m992
2058	0	0	0	0	0	0	0	+	7708	2058	0	2058	QPX_v015_contig_411	2862	280	2338	1	2058,	0,	280,	salt.tolerance	m992
1763	0	0	0	0	0	0	0	+	7902	1763	0	1763	QPX_v015_contig_269	3984	1099	2862	1	1763,	0,	1099,	salt.tolerance	m992
1595	0	0	0	0	0	3	181	+	7909	1595	0	1595	QPX_v015_contig_1417	4304	2450	4226	4	75,1059,243,218,	0,75,1134,1377,	2450,2586,3703,4008,	salt.tolerance	m992
2644	0	0	0	0	0	0	0	-	7981	2644	0	2644	QPX_v015_contig_3861	7834	3651	6295	1	2644,	0,	3651,	salt.tolerance	m992
2282	0	0	0	0	0	0	0	-	8178	2298	0	2282	QPX_v015_contig_6815	3392	0	2282	1	2282,	16,	0,	salt.tolerance	m992
3219	0	0	0	0	0	0	0	+	8282	3219	0	3219	QPX_v015_contig_1454	5680	1049	4268	1	3219,	0,	1049,	salt.tolerance	m992
1992	0	0	0	1	1	0	0	-	8526	1993	0	1993	QPX_v015_contig_2517	5041	569	2561	2	1892,100,	0,1893,	569,2461,	salt.tolerance	m992
1712	0	0	0	0	0	0	0	+	8615	1712	0	1712	QPX_v015_contig_1563	4634	876	2588	1	1712,	0,	876,	salt.tolerance	m992
1960	0	0	0	0	0	0	0	+	8624	1960	0	1960	QPX_v015_contig_2598	2654	234	2194	1	1960,	0,	234,	salt.tolerance	m992
2206	0	0	0	0	0	0	0	+	8874	2206	0	2206	QPX_v015_contig_309	10683	5869	8075	1	2206,	0,	5869,	salt.tolerance	m992
2824	0	0	0	0	0	0	0	+	8948	2824	0	2824	QPX_v015_contig_1100	3502	567	3391	1	2824,	0,	567,	salt.tolerance	m992
2681	0	0	0	0	0	0	0	-	8967	2681	0	2681	QPX_v015_contig_1480	4429	214	2895	1	2681,	0,	214,	salt.tolerance	m992
1622	0	0	0	0	0	0	0	+	8992	1622	0	1622	QPX_v015_contig_896	3487	1839	3461	1	1622,	0,	1839,	salt.tolerance	m992
2155	0	0	0	1	1	1	6	-	9036	2156	0	2156	QPX_v015_contig_5105	6721	4108	6269	2	702,1453,	0,703,	4108,4816,	salt.tolerance	m992
2489	0	0	0	0	0	4	90	+	9067	2489	0	2489	QPX_v015_contig_1537	8311	5386	7965	5	131,1244,354,97,663,	0,131,1375,1729,1826,	5386,5527,6788,7150,7302,	salt.tolerance	m992
2742	0	0	0	0	0	0	0	+	9340	2742	0	2742	QPX_v015_contig_937	3903	915	3657	1	2742,	0,	915,	salt.tolerance	m992
2119	0	0	0	0	0	1	58	-	9435	2119	0	2119	QPX_v015_contig_176	3100	525	2702	2	1261,858,	0,1261,	525,1844,	salt.tolerance	m992
2153	0	0	0	0	0	0	0	+	9459	2309	156	2309	QPX_v015_contig_101	2878	0	2153	1	2153,	156,	0,	salt.tolerance	m992
3251	0	0	5	0	0	2	126	-	9603	3374	118	3374	QPX_v015_contig_1051	5079	1658	5040	3	803,165,2288,	0,803,968,	1658,2526,2752,	salt.tolerance	m992
1937	0	0	0	0	0	0	0	-	9674	1996	59	1996	QPX_v015_contig_254	16633	14696	16633	1	1937,	0,	14696,	salt.tolerance	m992
1984	1	0	0	1	1	2	64	+	9681	2144	158	2144	QPX_v015_contig_8378	4493	0	2049	3	1063,441,481,	158,1222,1663,	0,1077,1568,	salt.tolerance	m992
1530	0	0	0	0	0	1	89	+	9942	1530	0	1530	QPX_v015_contig_2069	10661	6474	8093	2	523,1007,	0,523,	6474,7086,	salt.tolerance	m992
1660	0	0	1	0	0	0	0	+	9946	1661	0	1661	QPX_v015_contig_6809	5631	3013	4674	1	1661,	0,	3013,	salt.tolerance	m992
2134	1	0	1	0	0	0	0	+	10001	2136	0	2136	QPX_v015_contig_1799	9079	6758	8894	1	2136,	0,	6758,	salt.tolerance	m992
4659	0	0	0	1	4	1	53	+	10010	4663	0	4663	QPX_v015_contig_2170	5444	212	4924	3	2499,1062,1098,	0,2503,3565,	212,2711,3826,	salt.tolerance	m992
1838	0	0	0	0	0	1	18	+	10050	1838	0	1838	QPX_v015_contig_2448	9954	242	2098	2	427,1411,	0,427,	242,687,	salt.tolerance	m992
3909	0	0	1	1	1	2	40	+	10082	3911	0	3911	QPX_v015_contig_6484	6285	1604	5554	3	3382,130,398,	0,3383,3513,	1604,5020,5156,	salt.tolerance	m992
1671	0	0	0	0	0	1	67	-	10114	2037	0	1671	QPX_v015_contig_200	3539	111	1849	2	162,1509,	366,528,	111,340,	salt.tolerance	m992
1937	0	0	0	0	0	0	0	-	10131	2020	83	2020	QPX_v015_contig_254	16633	14696	16633	1	1937,	0,	14696,	salt.tolerance	m992
3209	0	0	1	1	1	1	4	-	10177	3234	23	3234	QPX_v015_contig_72	5362	1847	5061	2	1364,1846,	0,1365,	1847,3215,	salt.tolerance	m992
2192	0	0	0	0	0	0	0	-	10287	2350	0	2192	QPX_v015_contig_5473	3168	380	2572	1	2192,	158,	380,	salt.tolerance	m992
1963	0	0	0	2	5	1	7	+	10365	2928	0	1968	QPX_v015_contig_2122	6428	4458	6428	3	189,521,1253,	0,190,715,	4458,4654,5175,	salt.tolerance	m992
4778	0	0	0	1	3	1	79	-	10374	4781	0	4781	QPX_v015_contig_3061	5167	197	5054	3	56,3904,818,	0,56,3963,	197,332,4236,	salt.tolerance	m992
2706	0	0	0	0	0	1	43	-	10383	2986	0	2706	QPX_v015_contig_4419	9598	0	2749	2	221,2485,	280,501,	0,264,	salt.tolerance	m992
2181	0	0	1	3	3	2	9	-	10480	2185	0	2185	QPX_v015_contig_8476	6051	561	2752	4	1254,345,210,373,	0,1255,1601,1812,	561,1819,2164,2379,	salt.tolerance	m992
3244	0	0	0	1	9	0	0	-	10593	3253	0	3253	QPX_v015_contig_6218	4154	124	3368	2	909,2335,	0,918,	124,1033,	salt.tolerance	m992
1635	0	0	0	0	0	1	32	-	10628	1635	0	1635	QPX_v015_contig_5701	4975	2255	3922	2	1495,140,	0,1495,	2255,3782,	salt.tolerance	m992
4601	0	0	0	1	1	4	143	-	10647	4624	22	4624	QPX_v015_contig_3363	4873	129	4873	5	128,996,2832,55,590,	0,128,1124,3957,4012,	129,315,1358,4195,4283,	salt.tolerance	m992
2881	0	0	0	1	1	1	7	-	10670	2882	0	2882	QPX_v015_contig_2931	5843	2865	5753	2	160,2721,	0,161,	2865,3032,	salt.tolerance	m992
1843	0	0	0	1	1	1	36	+	10706	2546	702	2546	QPX_v015_contig_12001	2805	0	1879	2	918,925,	702,1621,	0,954,	salt.tolerance	m992
1514	0	0	0	2	2	2	24	+	10716	1516	0	1516	QPX_v015_contig_2517	5041	661	2199	3	422,304,788,	0,423,728,	661,1101,1411,	salt.tolerance	m992
2946	15	0	0	0	0	0	0	+	10802	4187	986	3947	QPX_v015_contig_2400	2961	0	2961	1	2961,	986,	0,	salt.tolerance	m992
2807	1	0	0	1	1	1	19	-	10826	2809	0	2809	QPX_v015_contig_663	20015	12293	15120	2	138,2670,	0,139,	12293,12450,	salt.tolerance	m992
1601	4	0	0	1	68	1	5	+	10887	2649	976	2649	QPX_v015_contig_11574	1996	0	1610	2	19,1586,	976,1063,	0,24,	salt.tolerance	m992
2202	1	0	0	2	4	2	13	+	10919	2207	0	2207	QPX_v015_contig_2477	16039	353	2569	4	874,800,177,352,	0,875,1678,1855,	353,1232,2032,2217,	salt.tolerance	m992
1851	0	0	0	0	0	2	124	-	11044	1851	0	1851	QPX_v015_contig_1740	14551	8720	10695	3	84,976,791,	0,84,1060,	8720,8876,9904,	salt.tolerance	m992
1819	0	0	0	0	0	1	2	-	11052	1819	0	1819	QPX_v015_contig_155	6975	1971	3792	2	1586,233,	0,1586,	1971,3559,	salt.tolerance	m992
2153	0	0	0	0	0	0	0	+	11063	2285	132	2285	QPX_v015_contig_101	2878	0	2153	1	2153,	132,	0,	salt.tolerance	m992
1788	0	0	0	0	0	1	463	-	11071	1788	0	1788	QPX_v015_contig_3772	4125	1530	3781	2	62,1726,	0,62,	1530,2055,	salt.tolerance	m992
2725	1	0	0	0	0	0	0	+	11079	2726	0	2726	QPX_v015_contig_2477	16039	353	3079	1	2726,	0,	353,	salt.tolerance	m992
5184	0	0	0	2	2	3	45	-	11081	5186	0	5186	QPX_v015_contig_2194	18391	5907	11136	4	2144,115,1987,938,	0,2144,2260,4248,	5907,8074,8197,10198,	salt.tolerance	m992
2135	0	0	0	0	0	1	6	+	11082	2135	0	2135	QPX_v015_contig_424	9976	5276	7417	2	334,1801,	0,334,	5276,5616,	salt.tolerance	m992
2164	0	0	0	1	1	2	65	+	11196	2165	0	2165	QPX_v015_contig_3395	6527	2252	4481	3	1581,501,82,	0,1582,2083,	2252,3850,4399,	salt.tolerance	m992
2102	0	0	0	1	17	2	153	+	11207	2119	0	2119	QPX_v015_contig_3651	3867	1482	3737	3	725,1349,28,	0,742,2091,	1482,2289,3709,	salt.tolerance	m992
2532	0	0	0	1	1	1	19	-	11213	2533	0	2533	QPX_v015_contig_4339	4321	1531	4082	2	1377,1155,	0,1378,	1531,2927,	salt.tolerance	m992
1564	0	0	0	1	1	1	24	+	11236	1565	0	1565	QPX_v015_contig_714	17854	514	2102	2	250,1314,	0,251,	514,788,	salt.tolerance	m992
2292	0	0	11	1	127	1	144	+	11295	2539	109	2539	QPX_v015_contig_3300	9708	0	2447	2	285,2018,	109,521,	0,429,	salt.tolerance	m992
2703	0	0	0	1	1	2	28	+	11316	2704	0	2704	QPX_v015_contig_1100	3502	642	3373	3	830,757,1116,	0,830,1588,	642,1481,2257,	salt.tolerance	m992
1533	1	0	0	1	1	1	22	+	11325	1535	0	1535	QPX_v015_contig_1733	3081	299	1855	2	252,1282,	0,253,	299,573,	salt.tolerance	m992
1581	0	0	0	1	1	1	32	+	11339	1582	0	1582	QPX_v015_contig_1563	4634	920	2533	2	362,1219,	0,363,	920,1314,	salt.tolerance	m992
2422	0	0	0	1	29	1	41	+	11341	2451	0	2451	QPX_v015_contig_5749	3558	153	2616	2	1945,477,	0,1974,	153,2139,	salt.tolerance	m992
1545	0	0	0	1	1	1	20	-	11357	1546	0	1546	QPX_v015_contig_712	4609	2554	4119	2	454,1091,	0,455,	2554,3028,	salt.tolerance	m992
1503	0	0	0	1	1	1	21	-	11377	1504	0	1504	QPX_v015_contig_429	13196	8412	9936	2	263,1240,	0,264,	8412,8696,	salt.tolerance	m992
2200	0	0	0	0	0	1	19	-	11381	2483	283	2483	QPX_v015_contig_1769	2344	125	2344	2	1960,240,	0,1960,	125,2104,	salt.tolerance	m992
1549	2	0	0	1	4	0	0	-	11388	1555	0	1555	QPX_v015_contig_1247	19027	16329	17880	2	1439,112,	0,1443,	16329,17768,	salt.tolerance	m992
5444	0	0	0	0	0	2	35	+	11427	5444	0	5444	QPX_v015_contig_3114	6628	917	6396	3	181,2029,3234,	0,181,2210,	917,1126,3162,	salt.tolerance	m992
2284	0	0	0	0	0	0	0	+	11428	2522	0	2284	QPX_v015_contig_3442	7152	4868	7152	1	2284,	0,	4868,	salt.tolerance	m992
2321	0	0	0	0	0	1	99	+	11499	2321	0	2321	QPX_v015_contig_3297	6492	335	2755	2	835,1486,	0,835,	335,1269,	salt.tolerance	m992
1989	0	0	0	1	1	3	155	+	11541	1990	0	1990	QPX_v015_contig_176	3100	558	2702	4	366,803,418,402,	0,366,1169,1588,	558,983,1844,2300,	salt.tolerance	m992
2710	0	0	0	2	2	3	46	+	11548	2898	186	2898	QPX_v015_contig_1922	7547	0	2756	4	1408,577,454,271,	186,1594,2172,2627,	0,1423,2012,2485,	salt.tolerance	m992
2184	0	0	1	1	1	1	39	+	11549	2186	0	2186	QPX_v015_contig_2901	16616	11605	13829	2	1513,672,	0,1514,	11605,13157,	salt.tolerance	m992
2872	0	0	0	0	0	0	0	-	11569	3000	128	3000	QPX_v015_contig_7908	4079	1207	4079	1	2872,	0,	1207,	salt.tolerance	m992
1847	0	0	0	0	0	0	0	-	11664	1847	0	1847	QPX_v015_contig_1578	7250	4335	6182	1	1847,	0,	4335,	salt.tolerance	m992
1688	0	0	0	1	1	1	12	-	11667	1689	0	1689	QPX_v015_contig_178	13167	10910	12610	2	160,1528,	0,161,	10910,11082,	salt.tolerance	m992
2674	0	0	0	1	36	2	281	-	11686	2710	0	2710	QPX_v015_contig_1051	5079	2087	5042	3	374,10,2290,	0,410,420,	2087,2681,2752,	salt.tolerance	m992
2276	0	0	0	1	1	1	6	-	11714	2293	0	2277	QPX_v015_contig_6815	3392	0	2282	2	964,1312,	16,981,	0,970,	salt.tolerance	m992
2532	0	0	0	0	0	0	0	+	11720	2532	0	2532	QPX_v015_contig_5220	7336	653	3185	1	2532,	0,	653,	salt.tolerance	m992
2258	0	0	1	2	2	2	23	+	11759	2277	16	2277	QPX_v015_contig_6815	3392	0	2282	3	470,477,1312,	16,487,965,	0,487,970,	salt.tolerance	m992
