84189	30.30	192159	69.17	107832	38.81	11874	4.27	7651	2.75	121538	43.75
193634	69.70	85664	30.83	169991	61.19	265949	95.73	270172	97.25	156285	56.25
1324830	4.72	5196174	18.50	4500560	16.02	175567	0.62	325804	1.16	5781827	20.58
26769246	95.28	22897902	81.50	23593516	83.98	27918509	99.38	27768272	98.84	22312249	79.42
2651804	9.20	9229876	32.01	8075352	28.01	98819	0.34	237587	0.82	9253875	32.09
26181573	90.80	19603501	67.99	20758025	71.99	28734558	99.66	28595790	99.18	19579502	67.91
1208651	4.80	2621752	10.41	2196201	8.72	141086	0.56	268616	1.07	2921713	11.61
23966183	95.20	22553082	89.59	22978633	91.28	25033748	99.44	24906218	98.93	22253121	88.39
1597071	5.88	4122984	15.17	3580493	13.18	147810	0.54	297874	1.10	4408304	16.22
25576639	94.12	23050726	84.83	23593217	86.82	27025900	99.46	26875836	98.90	22765406	83.78
785404	2.77	3136318	11.05	2621744	9.24	47715	0.17	164008	0.58	3135778	11.05
27595869	97.23	25244955	88.95	25759529	90.76	28333558	99.83	28217265	99.42	25245495	88.95
973706	3.02	4505826	13.97	3666530	11.37	122632	0.38	260643	0.81	4740641	14.69
31286716	96.98	27754596	86.03	28593892	88.63	32137790	99.62	31999779	99.19	27519781	85.31
767211	2.56	2533176	8.46	2124514	7.09	160835	0.54	314215	1.05	2996247	10.00
29183207	97.44	27417242	91.54	27825904	92.91	29789583	99.46	29636203	98.95	26954171	90.00
971056	3.65	2258533	8.50	1849046	6.96	129004	0.49	252132	0.95	2458946	9.25
25610455	96.35	24322978	91.50	24732465	93.04	26452507	99.51	26329379	99.05	24122565	90.75
748242	2.87	1980198	7.61	1649732	6.34	126026	0.48	234107	0.90	2290189	8.80
25279592	97.13	24047636	92.39	24378102	93.66	25901808	99.52	25793727	99.10	23737645	91.20
1593235	4.89	4842696	14.87	4170627	12.81	284894	0.87	430920	1.32	5896347	18.11
30972612	95.11	27723151	85.13	28395220	87.19	32280953	99.13	32134927	98.68	26669500	81.89
981200	3.10	3616614	11.44	2941313	9.30	126234	0.40	244935	0.77	3777997	11.95
30633083	96.90	27997669	88.56	28672970	90.70	31488049	99.60	31369348	99.23	27836286	88.05
2295559	8.39	5765573	21.08	4332196	15.84	400414	1.46	538818	1.97	6370614	23.29
25056505	91.61	21586491	78.92	23019868	84.16	26951650	98.54	26813246	98.03	20981450	76.71
