Tname   match   mismatch   repmatch   N   QgapCount   QgapBases   TgapCount   TgapBases   Strand   Qname   Qsize   Qstart   Qend   Tsize   Tstart   Tend   BlockCount   BlockSize   qStarts   tStarts   pfam   lib.x   Position   REF   ALT   Quality   lib.y
1   QPX_v015_contig_108   2128   0   0   0   0   0   0   0   +   718   2128   0   2128   12856   4857   6985   1   2128,   0,   4857,   salt.tolerance   m992   112   T   C   159.84   m992
2   QPX_v015_contig_112   1545   2   0   1   0   0   0   0   -   674   2511   135   1683   3319   0   1548   1   1548,   828,   0,   salt.tolerance   m992   42   C   A   67.77   m992
3   QPX_v015_contig_112   1545   2   0   1   0   0   0   0   -   674   2511   135   1683   3319   0   1548   1   1548,   828,   0,   salt.tolerance   m992   23   A   G   181.77   m992
4   QPX_v015_contig_11950   1900   0   0   0   1   1   1   58   +   573   1909   0   1901   2844   857   2815   3   1302,589,9,   0,1302,1892,   857,2217,2806,   salt.tolerance   m992   38   G   A   52.77   m992
5   QPX_v015_contig_11950   1900   0   0   0   1   1   1   58   +   573   1909   0   1901   2844   857   2815   3   1302,589,9,   0,1302,1892,   857,2217,2806,   salt.tolerance   m992   2216   A   G   178.84   m992
6   QPX_v015_contig_11950   1900   0   0   0   1   1   1   58   +   573   1909   0   1901   2844   857   2815   3   1302,589,9,   0,1302,1892,   857,2217,2806,   salt.tolerance   m992   35   G   A   52.77   m992
7   QPX_v015_contig_1247   1549   2   0   0   1   4   0   0   -   11388   1555   0   1555   19027   16329   17880   2   1439,112,   0,1443,   16329,17768,   salt.tolerance   m992   17855   C   G   161.9   m992
8   QPX_v015_contig_1247   1549   2   0   0   1   4   0   0   -   11388   1555   0   1555   19027   16329   17880   2   1439,112,   0,1443,   16329,17768,   salt.tolerance   m992   23   C   G   642.77   m992
9   QPX_v015_contig_1247   1549   2   0   0   1   4   0   0   -   11388   1555   0   1555   19027   16329   17880   2   1439,112,   0,1443,   16329,17768,   salt.tolerance   m992   17854   C   G   161.9   m992
10   QPX_v015_contig_1247   1549   2   0   0   1   4   0   0   -   11388   1555   0   1555   19027   16329   17880   2   1439,112,   0,1443,   16329,17768,   salt.tolerance   m992   56   G   T   329.77   m992
11   QPX_v015_contig_1247   1549   2   0   0   1   4   0   0   -   11388   1555   0   1555   19027   16329   17880   2   1439,112,   0,1443,   16329,17768,   salt.tolerance   m992   26   G   A   642.77   m992
12   QPX_v015_contig_1247   1557   2   0   0   0   0   0   0   -   3126   1559   0   1559   19027   16329   17888   1   1559,   0,   16329,   salt.tolerance   m992   17855   C   G   161.9   m992
13   QPX_v015_contig_1247   1557   2   0   0   0   0   0   0   -   3126   1559   0   1559   19027   16329   17888   1   1559,   0,   16329,   salt.tolerance   m992   23   C   G   642.77   m992
14   QPX_v015_contig_1247   1557   2   0   0   0   0   0   0   -   3126   1559   0   1559   19027   16329   17888   1   1559,   0,   16329,   salt.tolerance   m992   17854   C   G   161.9   m992
15   QPX_v015_contig_1247   1557   2   0   0   0   0   0   0   -   3126   1559   0   1559   19027   16329   17888   1   1559,   0,   16329,   salt.tolerance   m992   56   G   T   329.77   m992
16   QPX_v015_contig_1247   1557   2   0   0   0   0   0   0   -   3126   1559   0   1559   19027   16329   17888   1   1559,   0,   16329,   salt.tolerance   m992   26   G   A   642.77   m992
17   QPX_v015_contig_1247   1870   0   0   0   0   0   0   0   -   7173   1934   0   1870   19027   0   1870   1   1870,   64,   0,   salt.tolerance   m992   17855   C   G   161.9   m992
18   QPX_v015_contig_1247   1870   0   0   0   0   0   0   0   -   7173   1934   0   1870   19027   0   1870   1   1870,   64,   0,   salt.tolerance   m992   23   C   G   642.77   m992
19   QPX_v015_contig_1247   1870   0   0   0   0   0   0   0   -   7173   1934   0   1870   19027   0   1870   1   1870,   64,   0,   salt.tolerance   m992   17854   C   G   161.9   m992
20   QPX_v015_contig_1247   1870   0   0   0   0   0   0   0   -   7173   1934   0   1870   19027   0   1870   1   1870,   64,   0,   salt.tolerance   m992   56   G   T   329.77   m992
21   QPX_v015_contig_1247   1870   0   0   0   0   0   0   0   -   7173   1934   0   1870   19027   0   1870   1   1870,   64,   0,   salt.tolerance   m992   26   G   A   642.77   m992
22   QPX_v015_contig_1448   2281   1   0   2   1   1   1   12   +   7218   2287   2   2287   10225   84   2380   2   2196,88,   2,2199,   84,2292,   salt.tolerance   m992   179   T   A   470.77   m992
23   QPX_v015_contig_1448   2263   0   0   0   1   1   2   24   +   939   2264   0   2264   10225   2765   5052   3   115,1448,700,   0,116,1564,   2765,2891,4352,   salt.tolerance   m992   179   T   A   470.77   m992
24   QPX_v015_contig_1448   2524   1   0   0   0   0   0   0   +   5331   2550   25   2550   10225   4   2529   1   2525,   25,   4,   salt.tolerance   m992   179   T   A   470.77   m992
25   QPX_v015_contig_1594   1686   0   0   0   0   0   0   0   -   2900   1686   0   1686   5152   333   2019   1   1686,   0,   333,   salt.tolerance   m992   5094   A   C   168.77   m992
26   QPX_v015_contig_1797   2811   0   0   0   0   0   0   0   +   4030   2811   0   2811   7635   3475   6286   1   2811,   0,   3475,   salt.tolerance   m992   23   C   A   101.77   m992
27   QPX_v015_contig_2232   3372   0   0   0   0   0   0   0   +   4772   3372   0   3372   14623   11206   14578   1   3372,   0,   11206,   salt.tolerance   m992   1269   A   T   298.77   m992
28   QPX_v015_contig_2232   3372   0   0   0   0   0   0   0   +   4772   3372   0   3372   14623   11206   14578   1   3372,   0,   11206,   salt.tolerance   m992   1268   C   T   256.77   m992
29   QPX_v015_contig_2232   3372   0   0   0   0   0   0   0   +   4772   3372   0   3372   14623   11206   14578   1   3372,   0,   11206,   salt.tolerance   m992   1296   G   T   179.77   m992
30   QPX_v015_contig_2232   3372   0   0   0   0   0   0   0   +   4772   3372   0   3372   14623   11206   14578   1   3372,   0,   11206,   salt.tolerance   m992   1297   T   C   182.77   m992
31   QPX_v015_contig_2232   3372   0   0   0   0   0   0   0   +   4772   3372   0   3372   14623   11206   14578   1   3372,   0,   11206,   salt.tolerance   m992   1270   G   T   298.77   m992
32   QPX_v015_contig_2232   3372   0   0   0   0   0   0   0   +   4772   3372   0   3372   14623   11206   14578   1   3372,   0,   11206,   salt.tolerance   m992   1295   T   C   179.77   m992
33   QPX_v015_contig_2400   2940   15   0   0   1   1   1   6   +   1696   4181   985   3941   2961   0   2961   2   1394,1561,   985,2380,   0,1400,   salt.tolerance   m992   1686   C   A   557.77   m992
34   QPX_v015_contig_2400   2940   15   0   0   1   1   1   6   +   1696   4181   985   3941   2961   0   2961   2   1394,1561,   985,2380,   0,1400,   salt.tolerance   m992   1068   G   C   75.77   m992
35   QPX_v015_contig_2400   2940   15   0   0   1   1   1   6   +   1696   4181   985   3941   2961   0   2961   2   1394,1561,   985,2380,   0,1400,   salt.tolerance   m992   1045   G   A   212.77   m992
36   QPX_v015_contig_2400   2940   15   0   0   1   1   1   6   +   1696   4181   985   3941   2961   0   2961   2   1394,1561,   985,2380,   0,1400,   salt.tolerance   m992   2851   G   A   397.77   m992
37   QPX_v015_contig_2400   2940   15   0   0   1   1   1   6   +   1696   4181   985   3941   2961   0   2961   2   1394,1561,   985,2380,   0,1400,   salt.tolerance   m992   1683   C   A   548.77   m992
38   QPX_v015_contig_2400   2940   15   0   0   1   1   1   6   +   1696   4181   985   3941   2961   0   2961   2   1394,1561,   985,2380,   0,1400,   salt.tolerance   m992   2556   C   T   520.77   m992
39   QPX_v015_contig_2400   2940   15   0   0   1   1   1   6   +   1696   4181   985   3941   2961   0   2961   2   1394,1561,   985,2380,   0,1400,   salt.tolerance   m992   1310   T   C   129.77   m992
40   QPX_v015_contig_2400   2940   15   0   0   1   1   1   6   +   1696   4181   985   3941   2961   0   2961   2   1394,1561,   985,2380,   0,1400,   salt.tolerance   m992   1576   T   C   282.78   m992
41   QPX_v015_contig_2400   2940   15   0   0   1   1   1   6   +   1696   4181   985   3941   2961   0   2961   2   1394,1561,   985,2380,   0,1400,   salt.tolerance   m992   2206   T   C   697.77   m992
42   QPX_v015_contig_2400   2940   15   0   0   1   1   1   6   +   1696   4181   985   3941   2961   0   2961   2   1394,1561,   985,2380,   0,1400,   salt.tolerance   m992   2647   G   C   382.31   m992
43   QPX_v015_contig_2400   2940   15   0   0   1   1   1   6   +   1696   4181   985   3941   2961   0   2961   2   1394,1561,   985,2380,   0,1400,   salt.tolerance   m992   1993   G   C   438.77   m992
44   QPX_v015_contig_2400   2940   15   0   0   1   1   1   6   +   1696   4181   985   3941   2961   0   2961   2   1394,1561,   985,2380,   0,1400,   salt.tolerance   m992   2026   A   G   393.77   m992
45   QPX_v015_contig_2400   2940   15   0   0   1   1   1   6   +   1696   4181   985   3941   2961   0   2961   2   1394,1561,   985,2380,   0,1400,   salt.tolerance   m992   214   A   G   288.78   m992
46   QPX_v015_contig_2400   2940   15   0   0   1   1   1   6   +   1696   4181   985   3941   2961   0   2961   2   1394,1561,   985,2380,   0,1400,   salt.tolerance   m992   46   C   T   840.77   m992
47   QPX_v015_contig_2400   2940   15   0   0   1   1   1   6   +   1696   4181   985   3941   2961   0   2961   2   1394,1561,   985,2380,   0,1400,   salt.tolerance   m992   2620   A   G   682.78   m992
48   QPX_v015_contig_2400   2940   15   0   0   1   1   1   6   +   1696   4181   985   3941   2961   0   2961   2   1394,1561,   985,2380,   0,1400,   salt.tolerance   m992   1210   A   G   178.77   m992
49   QPX_v015_contig_2400   2946   15   0   0   0   0   0   0   +   10802   4187   986   3947   2961   0   2961   1   2961,   986,   0,   salt.tolerance   m992   1686   C   A   557.77   m992
50   QPX_v015_contig_2400   2946   15   0   0   0   0   0   0   +   10802   4187   986   3947   2961   0   2961   1   2961,   986,   0,   salt.tolerance   m992   1068   G   C   75.77   m992
51   QPX_v015_contig_2400   2946   15   0   0   0   0   0   0   +   10802   4187   986   3947   2961   0   2961   1   2961,   986,   0,   salt.tolerance   m992   1045   G   A   212.77   m992
52   QPX_v015_contig_2400   2946   15   0   0   0   0   0   0   +   10802   4187   986   3947   2961   0   2961   1   2961,   986,   0,   salt.tolerance   m992   2851   G   A   397.77   m992
53   QPX_v015_contig_2400   2946   15   0   0   0   0   0   0   +   10802   4187   986   3947   2961   0   2961   1   2961,   986,   0,   salt.tolerance   m992   1683   C   A   548.77   m992
54   QPX_v015_contig_2400   2946   15   0   0   0   0   0   0   +   10802   4187   986   3947   2961   0   2961   1   2961,   986,   0,   salt.tolerance   m992   2556   C   T   520.77   m992
55   QPX_v015_contig_2400   2946   15   0   0   0   0   0   0   +   10802   4187   986   3947   2961   0   2961   1   2961,   986,   0,   salt.tolerance   m992   1310   T   C   129.77   m992
56   QPX_v015_contig_2400   2946   15   0   0   0   0   0   0   +   10802   4187   986   3947   2961   0   2961   1   2961,   986,   0,   salt.tolerance   m992   1576   T   C   282.78   m992
57   QPX_v015_contig_2400   2946   15   0   0   0   0   0   0   +   10802   4187   986   3947   2961   0   2961   1   2961,   986,   0,   salt.tolerance   m992   2206   T   C   697.77   m992
58   QPX_v015_contig_2400   2946   15   0   0   0   0   0   0   +   10802   4187   986   3947   2961   0   2961   1   2961,   986,   0,   salt.tolerance   m992   2647   G   C   382.31   m992
59   QPX_v015_contig_2400   2946   15   0   0   0   0   0   0   +   10802   4187   986   3947   2961   0   2961   1   2961,   986,   0,   salt.tolerance   m992   1993   G   C   438.77   m992
60   QPX_v015_contig_2400   2946   15   0   0   0   0   0   0   +   10802   4187   986   3947   2961   0   2961   1   2961,   986,   0,   salt.tolerance   m992   2026   A   G   393.77   m992
61   QPX_v015_contig_2400   2946   15   0   0   0   0   0   0   +   10802   4187   986   3947   2961   0   2961   1   2961,   986,   0,   salt.tolerance   m992   214   A   G   288.78   m992
62   QPX_v015_contig_2400   2946   15   0   0   0   0   0   0   +   10802   4187   986   3947   2961   0   2961   1   2961,   986,   0,   salt.tolerance   m992   46   C   T   840.77   m992
63   QPX_v015_contig_2400   2946   15   0   0   0   0   0   0   +   10802   4187   986   3947   2961   0   2961   1   2961,   986,   0,   salt.tolerance   m992   2620   A   G   682.78   m992
64   QPX_v015_contig_2400   2946   15   0   0   0   0   0   0   +   10802   4187   986   3947   2961   0   2961   1   2961,   986,   0,   salt.tolerance   m992   1210   A   G   178.77   m992
65   QPX_v015_contig_2724   1541   0   0   0   0   0   3   171   +   90   1541   0   1541   8548   70   1782   4   73,46,171,1251,   0,73,119,290,   70,204,302,531,   salt.tolerance   m992   8470   A   G   78.77   m992
66   QPX_v015_contig_2724   1541   0   0   0   0   0   3   171   +   90   1541   0   1541   8548   70   1782   4   73,46,171,1251,   0,73,119,290,   70,204,302,531,   salt.tolerance   m992   8486   G   C   196.77   m992
67   QPX_v015_contig_2724   1541   0   0   0   0   0   3   171   +   90   1541   0   1541   8548   70   1782   4   73,46,171,1251,   0,73,119,290,   70,204,302,531,   salt.tolerance   m992   8526   G   C   149.77   m992
68   QPX_v015_contig_2780   2132   30   0   1   0   0   1   14   +   124   2488   325   2488   3996   0   2177   2   2079,84,   325,2404,   0,2093,   salt.tolerance   m992   80   G   T   358.77   m992
69   QPX_v015_contig_2780   2132   30   0   1   0   0   1   14   +   124   2488   325   2488   3996   0   2177   2   2079,84,   325,2404,   0,2093,   salt.tolerance   m992   252   T   C   433.77   m992
70   QPX_v015_contig_2780   2132   30   0   1   0   0   1   14   +   124   2488   325   2488   3996   0   2177   2   2079,84,   325,2404,   0,2093,   salt.tolerance   m992   269   C   T   324.9   m992
71   QPX_v015_contig_2780   2132   30   0   1   0   0   1   14   +   124   2488   325   2488   3996   0   2177   2   2079,84,   325,2404,   0,2093,   salt.tolerance   m992   55   T   C   368.77   m992
72   QPX_v015_contig_2780   2132   30   0   1   0   0   1   14   +   124   2488   325   2488   3996   0   2177   2   2079,84,   325,2404,   0,2093,   salt.tolerance   m992   281   G   A   248.8   m992
73   QPX_v015_contig_2780   2132   30   0   1   0   0   1   14   +   124   2488   325   2488   3996   0   2177   2   2079,84,   325,2404,   0,2093,   salt.tolerance   m992   288   A   T   287.9   m992
74   QPX_v015_contig_2780   2132   30   0   1   0   0   1   14   +   124   2488   325   2488   3996   0   2177   2   2079,84,   325,2404,   0,2093,   salt.tolerance   m992   344   T   G   787.77   m992
75   QPX_v015_contig_2780   2132   30   0   1   0   0   1   14   +   124   2488   325   2488   3996   0   2177   2   2079,84,   325,2404,   0,2093,   salt.tolerance   m992   277   G   C   375.03   m992
76   QPX_v015_contig_2780   2132   30   0   1   0   0   1   14   +   124   2488   325   2488   3996   0   2177   2   2079,84,   325,2404,   0,2093,   salt.tolerance   m992   593   G   A   214.77   m992
77   QPX_v015_contig_2780   2132   30   0   1   0   0   1   14   +   124   2488   325   2488   3996   0   2177   2   2079,84,   325,2404,   0,2093,   salt.tolerance   m992   601   C   G   217.77   m992
78   QPX_v015_contig_2780   2132   30   0   1   0   0   1   14   +   124   2488   325   2488   3996   0   2177   2   2079,84,   325,2404,   0,2093,   salt.tolerance   m992   602   C   A   175.77   m992
79   QPX_v015_contig_2780   2132   30   0   1   0   0   1   14   +   124   2488   325   2488   3996   0   2177   2   2079,84,   325,2404,   0,2093,   salt.tolerance   m992   616   T   A   301.77   m992
80   QPX_v015_contig_2780   2132   30   0   1   0   0   1   14   +   124   2488   325   2488   3996   0   2177   2   2079,84,   325,2404,   0,2093,   salt.tolerance   m992   632   T   C   433.77   m992
81   QPX_v015_contig_2780   2132   30   0   1   0   0   1   14   +   124   2488   325   2488   3996   0   2177   2   2079,84,   325,2404,   0,2093,   salt.tolerance   m992   665   A   G   518.77   m992
82   QPX_v015_contig_2780   2132   30   0   1   0   0   1   14   +   124   2488   325   2488   3996   0   2177   2   2079,84,   325,2404,   0,2093,   salt.tolerance   m992   678   A   G   507.77   m992
83   QPX_v015_contig_2780   2132   30   0   1   0   0   1   14   +   124   2488   325   2488   3996   0   2177   2   2079,84,   325,2404,   0,2093,   salt.tolerance   m992   893   T   C   429.77   m992
84   QPX_v015_contig_2780   2132   30   0   1   0   0   1   14   +   124   2488   325   2488   3996   0   2177   2   2079,84,   325,2404,   0,2093,   salt.tolerance   m992   894   C   T   429.77   m992
85   QPX_v015_contig_2780   2132   30   0   1   0   0   1   14   +   124   2488   325   2488   3996   0   2177   2   2079,84,   325,2404,   0,2093,   salt.tolerance   m992   904   G   C   335.77   m992
86   QPX_v015_contig_2780   2132   30   0   1   0   0   1   14   +   124   2488   325   2488   3996   0   2177   2   2079,84,   325,2404,   0,2093,   salt.tolerance   m992   959   G   A   430.77   m992
87   QPX_v015_contig_2780   2132   30   0   1   0   0   1   14   +   124   2488   325   2488   3996   0   2177   2   2079,84,   325,2404,   0,2093,   salt.tolerance   m992   1026   C   T   267.94   m992
88   QPX_v015_contig_2780   2132   30   0   1   0   0   1   14   +   124   2488   325   2488   3996   0   2177   2   2079,84,   325,2404,   0,2093,   salt.tolerance   m992   591   A   C   214.77   m992
89   QPX_v015_contig_2780   2132   30   0   1   0   0   1   14   +   124   2488   325   2488   3996   0   2177   2   2079,84,   325,2404,   0,2093,   salt.tolerance   m992   1043   C   T   101.77   m992
90   QPX_v015_contig_2850   2033   0   0   0   0   0   2   113   -   5666   2334   301   2334   6497   4351   6497   3   213,99,1721,   0,213,312,   4351,4618,4776,   salt.tolerance   m992   4566   T   G   53.77   m992
91   QPX_v015_contig_2850   2033   0   0   0   0   0   2   113   -   5666   2334   301   2334   6497   4351   6497   3   213,99,1721,   0,213,312,   4351,4618,4776,   salt.tolerance   m992   6459   C   A   251.77   m992
92   QPX_v015_contig_2850   2033   0   0   0   0   0   2   113   -   5666   2334   301   2334   6497   4351   6497   3   213,99,1721,   0,213,312,   4351,4618,4776,   salt.tolerance   m992   35   C   A   973.77   m992
93   QPX_v015_contig_2850   2033   0   0   0   0   0   2   113   -   5666   2334   301   2334   6497   4351   6497   3   213,99,1721,   0,213,312,   4351,4618,4776,   salt.tolerance   m992   37   T   A   981.77   m992
94   QPX_v015_contig_2850   2033   0   0   0   0   0   2   113   -   5666   2334   301   2334   6497   4351   6497   3   213,99,1721,   0,213,312,   4351,4618,4776,   salt.tolerance   m992   33   C   G   973.77   m992
95   QPX_v015_contig_3061   4778   0   0   0   1   4   1   79   +   1591   4782   0   4782   5167   197   5054   3   56,4270,452,   0,56,4330,   197,332,4602,   salt.tolerance   m992   170   G   C   826.77   m992
96   QPX_v015_contig_3061   4778   0   0   0   1   3   1   79   -   10374   4781   0   4781   5167   197   5054   3   56,3904,818,   0,56,3963,   197,332,4236,   salt.tolerance   m992   170   G   C   826.77   m992
97   QPX_v015_contig_3211   2446   0   0   0   1   1   0   0   +   5215   2913   466   2913   6497   0   2446   2   11,2435,   466,478,   0,11,   salt.tolerance   m992   6336   A   G   560.77   m992
98   QPX_v015_contig_3211   2446   0   0   0   1   1   0   0   +   5215   2913   466   2913   6497   0   2446   2   11,2435,   466,478,   0,11,   salt.tolerance   m992   6475   T   A   180.77   m992
99   QPX_v015_contig_3211   1839   0   0   0   1   5   0   0   -   4632   1844   0   1844   6497   489   2328   2   637,1202,   0,642,   489,1126,   salt.tolerance   m992   6336   A   G   560.77   m992
100   QPX_v015_contig_3211   1839   0   0   0   1   5   0   0   -   4632   1844   0   1844   6497   489   2328   2   637,1202,   0,642,   489,1126,   salt.tolerance   m992   6475   T   A   180.77   m992
101   QPX_v015_contig_3287   2248   1   0   0   0   0   1   43   -   2653   2249   0   2249   5908   28   2320   2   1941,308,   0,1941,   28,2012,   salt.tolerance   m992   55   T   C   556.77   m992
102   QPX_v015_contig_3375   1758   0   0   0   1   12   0   0   +   5704   2901   0   1770   7483   5725   7483   2   1748,10,   0,1760,   5725,7473,   salt.tolerance   m992   7472   G   C   307.77   m992
103   QPX_v015_contig_3490   2478   2   0   0   0   0   0   0   -   7367   2480   0   2480   3448   863   3343   1   2480,   0,   863,   salt.tolerance   m992   2117   A   C   319.78   m992
104   QPX_v015_contig_3490   2478   2   0   0   0   0   0   0   -   7367   2480   0   2480   3448   863   3343   1   2480,   0,   863,   salt.tolerance   m992   2086   C   T   243.8   m992
105   QPX_v015_contig_3595   2711   3   0   0   0   0   4   150   +   21   2832   0   2714   6882   4018   6882   5   71,827,61,1403,352,   0,71,898,959,2362,   4018,4096,4977,5098,6530,   salt.tolerance   m992   6826   T   C   250.77   m992
106   QPX_v015_contig_3751   3102   1   0   1   2   2   2   50   -   3215   3106   0   3106   6005   2113   5267   3   448,261,2395,   0,449,711,   2113,2579,2872,   salt.tolerance   m992   4785   A   G   599.77   m992
107   QPX_v015_contig_3931   2444   0   0   0   0   0   0   0   -   548   3051   607   3051   2471   27   2471   1   2444,   0,   27,   salt.tolerance   m992   2448   A   G   85.77   m992
108   QPX_v015_contig_3931   2444   0   0   0   0   0   0   0   -   548   3051   607   3051   2471   27   2471   1   2444,   0,   27,   salt.tolerance   m992   2449   T   C   85.77   m992
109   QPX_v015_contig_422   2529   0   0   0   0   0   0   0   +   5587   2529   0   2529   4130   541   3070   1   2529,   0,   541,   salt.tolerance   m992   4082   T   G   234.84   m992
110   QPX_v015_contig_422   2529   0   0   0   0   0   0   0   +   5587   2529   0   2529   4130   541   3070   1   2529,   0,   541,   salt.tolerance   m992   4081   T   G   234.84   m992
111   QPX_v015_contig_429   1503   0   0   0   1   1   1   21   -   11377   1504   0   1504   13196   8412   9936   2   263,1240,   0,264,   8412,8696,   salt.tolerance   m992   13174   T   A   246.77   m992
112   QPX_v015_contig_429   1954   0   0   0   1   13   1   2   -   4871   1967   0   1967   13196   8366   10322   3   310,1310,334,   0,310,1633,   8366,8678,9988,   salt.tolerance   m992   13174   T   A   246.77   m992
113   QPX_v015_contig_518   2577   0   0   0   0   0   0   0   +   5533   2577   0   2577   6246   2642   5219   1   2577,   0,   2642,   salt.tolerance   m992   36   T   G   68.77   m992
114   QPX_v015_contig_6448   1542   0   0   0   1   1   1   5   -   7686   1543   0   1543   7068   4659   6206   2   1479,63,   0,1480,   4659,6143,   salt.tolerance   m992   7018   A   C   165.84   m992
115   QPX_v015_contig_6448   1542   0   0   0   1   1   1   5   -   7686   1543   0   1543   7068   4659   6206   2   1479,63,   0,1480,   4659,6143,   salt.tolerance   m992   6952   T   C   155.77   m992
116   QPX_v015_contig_6448   1542   0   0   0   1   1   1   5   -   7686   1543   0   1543   7068   4659   6206   2   1479,63,   0,1480,   4659,6143,   salt.tolerance   m992   7006   T   A   413.77   m992
117   QPX_v015_contig_6888   2747   0   0   0   0   0   1   55   -   5396   2747   0   2747   5662   549   3351   2   1417,1330,   0,1417,   549,2021,   salt.tolerance   m992   5546   T   G   52.74   m992
118   QPX_v015_contig_72   3209   0   0   1   1   1   1   4   -   10177   3234   23   3234   5362   1847   5061   2   1364,1846,   0,1365,   1847,3215,   salt.tolerance   m992   425   T   C   262.78   m992
119   QPX_v015_contig_8121   1559   28   0   2   0   0   0   0   +   1665   2295   706   2295   1675   0   1589   1   1589,   706,   0,   salt.tolerance   m992   936   G   T   207.77   m992
120   QPX_v015_contig_8121   1559   28   0   2   0   0   0   0   +   1665   2295   706   2295   1675   0   1589   1   1589,   706,   0,   salt.tolerance   m992   586   T   C   284.77   m992
121   QPX_v015_contig_8121   1559   28   0   2   0   0   0   0   +   1665   2295   706   2295   1675   0   1589   1   1589,   706,   0,   salt.tolerance   m992   81   G   A   161.78   m992
122   QPX_v015_contig_8121   1559   28   0   2   0   0   0   0   +   1665   2295   706   2295   1675   0   1589   1   1589,   706,   0,   salt.tolerance   m992   826   A   G   233.84   m992
123   QPX_v015_contig_8121   1559   28   0   2   0   0   0   0   +   1665   2295   706   2295   1675   0   1589   1   1589,   706,   0,   salt.tolerance   m992   69   C   A   52.77   m992
124   QPX_v015_contig_8121   1559   28   0   2   0   0   0   0   +   1665   2295   706   2295   1675   0   1589   1   1589,   706,   0,   salt.tolerance   m992   76   T   G   136.77   m992
125   QPX_v015_contig_8121   1559   28   0   2   0   0   0   0   +   1665   2295   706   2295   1675   0   1589   1   1589,   706,   0,   salt.tolerance   m992   855   A   G   198.77   m992
126   QPX_v015_contig_8121   1559   28   0   2   0   0   0   0   +   1665   2295   706   2295   1675   0   1589   1   1589,   706,   0,   salt.tolerance   m992   868   G   C   214.77   m992
127   QPX_v015_contig_8121   1559   28   0   2   0   0   0   0   +   1665   2295   706   2295   1675   0   1589   1   1589,   706,   0,   salt.tolerance   m992   150   T   G   367.77   m992
128   QPX_v015_contig_8121   1559   28   0   2   0   0   0   0   +   1665   2295   706   2295   1675   0   1589   1   1589,   706,   0,   salt.tolerance   m992   844   G   A   212.84   m992
129   QPX_v015_contig_8121   1559   28   0   2   0   0   0   0   +   1665   2295   706   2295   1675   0   1589   1   1589,   706,   0,   salt.tolerance   m992   987   A   G   356.77   m992
130   QPX_v015_contig_8121   1559   28   0   2   0   0   0   0   +   1665   2295   706   2295   1675   0   1589   1   1589,   706,   0,   salt.tolerance   m992   1425   A   C   815.77   m992
131   QPX_v015_contig_8121   1559   28   0   2   0   0   0   0   +   1665   2295   706   2295   1675   0   1589   1   1589,   706,   0,   salt.tolerance   m992   938   G   C   207.77   m992
132   QPX_v015_contig_8121   1559   28   0   2   0   0   0   0   +   1665   2295   706   2295   1675   0   1589   1   1589,   706,   0,   salt.tolerance   m992   835   C   G   192.9   m992
133   QPX_v015_contig_8121   1559   28   0   2   0   0   0   0   +   1665   2295   706   2295   1675   0   1589   1   1589,   706,   0,   salt.tolerance   m992   576   A   G   243.77   m992
134   QPX_v015_contig_8121   1559   28   0   2   0   0   0   0   +   1665   2295   706   2295   1675   0   1589   1   1589,   706,   0,   salt.tolerance   m992   473   A   G   322.78   m992
135   QPX_v015_contig_816   3720   0   0   0   0   0   1   57   -   2195   3720   0   3720   14068   10261   14038   2   2017,1703,   0,2017,   10261,12335,   salt.tolerance   m992   968   T   G   128.03   m992
